 22 0.3178809583187103 0.7929677963256836 0.17525595426559448 0.1992628127336502
 24 0.2892310619354248 0.23197998106479645 0.22010159492492676 0.2378697246313095
 29 0.6916033625602722 0.8076846599578857 0.19425641000270844 0.12090645730495453
 23 0.27281031012535095 0.5973355770111084 0.2655770778656006 0.194269597530365
 27 0.6865127682685852 0.2577851116657257 0.18391215801239014 0.18095438182353973
 28 0.7499858140945435 0.6250635981559753 0.30530086159706116 0.24982832372188568
 50 0.2892310619354248 0.23197998106479645 0.22010159492492676 0.2378697246313095
 51 0.6865127682685852 0.2577851116657257 0.18391215801239014 0.18095438182353973
 52 0.3178809583187103 0.7929677963256836 0.17525595426559448 0.1992628127336502
 53 0.9666666666666667 0.853125 0.07083333333333333 0.15208333333333332
 54 0.975 0.6666666666666666 0.05416666666666667 0.11666666666666667
 55 0.96875 0.5125 0.06666666666666667 0.17083333333333334
 56 0.9635416666666666 0.3229166666666667 0.06875 0.16666666666666666
 57 0.971875 0.10104166666666667 0.06041666666666667 0.18125
 58 0.020833333333333332 0.4864583333333333 0.041666666666666664 0.15208333333333332
 59 0.0375 0.3229166666666667 0.07083333333333333 0.18333333333333332
 60 0.035416666666666666 0.125 0.05416666666666667 0.175
